# New instances that have been discovered which improve over the best know solutions.

## Instances found with choco

OhlmannThomas/n200w120.002.txt | improved (choco)     |     725.00 |     724.00 |       9.28 | 32 186 27 38 7 47 49 192 9 5 196 24 152 124 118 73 21 138 100 185 2 157 33 175 91 184 139 156 147 105 103 188 179 79 26 70 172 187 16 90 111 66 22 109 71 167 15 182 183 1 155 88 119 53 75 165 83 122 67 46 164 171 128 174 89 14 163 115 42 11 113 110 85 80 37 96 93 6 34 131 134 74 126 44 153 45 141 116 130 137 150 145 144 198 102 48 195 61 57 191 108 13 86 189 176 162 92 151 78 59 31 58 181 72 8 28 132 143 135 77 125 161 18 170 140 36 129 199 180 69 50 43 121 97 29 60 190 169 41 40 193 25 197 35 112 107 4 120 114 160 149 62 123 94 136 117 65 173 23 63 99 81 133 106 30 168 20 68 159 17 98 127 10 55 142 148 84 56 64 154 101 146 12 54 87 82 178 104 51 3 194 52 19 39 177 95 76 158 200 166
OhlmannThomas/n150w160.003.txt | improved (choco)     |     610.00 |     608.00 |      17.54 | 90 86 127 10 94 113 104 126 137 120 88 49 96 143 27 24 74 123 21 37 40 66 148 129 72 142 31 63 65 59 83 36 19 30 73 44 38 131 67 147 125 46 107 87 2 99 17 45 115 135 145 102 71 16 110 25 136 47 57 138 111 34 48 109 61 81 132 78 56 22 133 85 55 4 29 128 50 6 101 52 130 82 13 53 18 121 97 134 42 108 141 75 33 64 106 69 41 54 26 80 92 14 117 76 5 12 144 146 124 122 95 118 98 51 15 3 70 100 68 149 23 116 79 9 35 11 58 60 8 28 114 32 105 93 112 20 39 84 150 7 77 140 91 103 1 89 119 62 43 139
OhlmannThomas/n150w120.005.txt | improved (choco)     |     692.00 |     691.00 |      24.90 | 106 31 64 11 119 117 146 132 103 135 4 15 87 61 62 72 27 5 7 65 47 18 100 115 83 34 120 53 23 105 29 28 74 10 89 142 73 149 108 144 2 55 111 139 98 12 33 24 101 26 81 38 76 97 75 134 86 17 60 67 30 25 112 96 58 39 43 80 59 44 22 137 140 90 36 45 20 68 99 145 125 71 91 16 52 130 8 129 116 82 56 54 63 66 70 131 40 19 124 102 121 95 21 6 85 13 49 46 14 133 127 1 41 128 9 148 109 50 57 48 104 78 136 69 84 77 122 123 107 110 79 93 138 92 94 51 126 114 42 37 118 143 35 88 150 32 113 3 147 141
OhlmannThomas/n200w140.002.txt | improved (choco)     |     768.00 |     766.00 |      27.19 | 77 173 83 35 85 43 128 25 38 1 34 56 65 174 91 15 68 148 40 198 184 102 151 140 61 4 195 161 108 82 20 67 110 167 119 120 196 44 147 171 50 145 39 118 199 14 129 53 54 12 158 21 93 178 92 124 31 111 10 104 186 66 64 7 5 28 100 146 99 130 48 123 70 9 79 23 69 125 86 176 17 187 116 159 26 36 138 76 115 131 194 109 42 190 166 60 114 160 139 94 106 164 71 29 122 175 150 90 153 81 117 137 89 84 63 52 2 80 72 192 180 113 32 57 19 143 97 74 152 6 132 142 182 127 78 169 18 126 105 95 157 96 49 88 73 75 133 33 46 55 168 87 11 16 135 189 30 155 37 197 181 103 134 45 165 172 41 156 58 3 112 154 101 188 162 22 24 107 8 59 179 62 170 185 163 191 193 121 144 183 13 136 51 47 98 141 27 177 200 149
OhlmannThomas/n200w140.005.txt | improved (choco)     |     827.00 |     823.00 |      38.40 | 104 92 8 105 3 170 116 142 74 192 106 67 25 43 84 131 2 42 27 36 136 169 76 112 53 145 62 30 121 181 173 81 72 125 149 38 199 49 159 110 164 54 15 95 40 193 61 163 129 100 152 86 24 51 197 77 90 18 64 166 176 118 57 26 180 5 91 9 167 143 128 4 146 165 23 69 32 87 153 133 37 140 158 171 191 65 28 115 137 96 188 12 144 10 132 7 154 19 11 179 63 1 97 107 33 14 148 111 190 60 113 184 31 78 70 189 108 83 79 130 119 114 22 185 120 183 117 124 58 89 20 93 52 135 174 126 160 13 109 88 59 94 47 187 122 123 85 66 80 45 186 55 196 48 21 44 141 102 178 134 172 161 99 177 168 98 6 182 162 41 34 75 39 127 17 195 150 29 156 73 16 103 155 198 56 138 35 175 151 82 46 157 68 50 200 139 194 101 147 71
OhlmannThomas/n200w120.003.txt | improved (choco)     |     885.00 |     883.00 |      39.84 | 31 178 38 185 173 48 97 40 82 187 155 160 194 165 29 123 62 120 106 54 177 101 83 89 143 47 169 157 191 75 61 71 196 91 99 56 87 145 158 105 195 162 51 184 189 21 72 6 197 16 118 98 68 139 102 22 115 176 27 58 153 96 49 59 108 109 130 117 14 152 9 55 132 166 12 8 88 112 140 186 136 114 70 95 69 77 131 183 73 41 192 13 92 135 50 24 156 179 63 57 199 167 172 104 182 84 76 23 7 110 111 127 100 119 42 53 90 171 36 107 15 129 113 138 154 174 121 144 18 128 1 78 2 193 159 44 5 86 37 170 11 26 81 39 134 52 103 181 122 46 126 151 35 43 150 4 79 147 30 148 34 190 17 125 74 67 146 142 133 149 65 168 64 175 20 60 94 137 161 32 25 188 198 33 85 93 28 141 180 10 66 80 45 3 163 164 200 116 124 19
OhlmannThomas/n200w140.001.txt | improved (choco)     |     837.00 |     836.00 |      72.63 | 46 31 58 112 172 118 126 186 90 84 54 157 183 55 114 6 153 75 100 141 142 104 174 193 9 155 60 166 199 156 182 131 190 115 51 74 167 72 195 65 7 111 127 158 69 38 18 160 37 5 77 99 98 20 19 164 82 108 27 134 17 34 14 63 26 12 147 93 143 176 61 124 91 197 184 168 189 191 187 76 144 15 32 125 139 22 21 33 138 89 159 178 163 67 45 121 133 148 198 10 52 122 105 43 169 39 146 29 53 194 117 83 80 49 150 165 173 66 94 92 87 88 171 57 59 24 96 79 181 42 152 196 103 154 137 81 102 107 56 185 95 68 25 179 85 2 151 16 64 1 50 44 23 119 73 47 177 161 110 113 41 120 11 78 149 162 188 145 192 116 136 132 48 130 180 71 36 86 8 128 101 170 62 70 123 28 97 30 35 106 140 13 135 3 40 200 4 129 109 175
OhlmannThomas/n150w120.001.txt | improved (choco)     |     735.00 |     734.00 |      76.94 | 99 132 22 92 95 40 86 46 67 45 33 104 146 43 134 65 149 48 125 82 31 5 25 143 62 137 64 84 121 71 118 147 29 4 148 41 3 78 124 32 94 59 68 42 127 51 108 110 17 6 98 77 96 102 11 18 97 100 116 14 34 60 61 117 112 23 72 106 30 91 128 122 47 53 63 36 1 9 119 90 130 114 105 37 141 93 123 142 69 111 126 73 74 135 56 58 145 12 54 76 10 26 131 7 81 8 15 140 83 129 70 107 136 52 55 88 66 44 79 19 57 2 113 24 20 80 28 133 35 21 38 138 85 87 27 75 39 101 109 103 115 49 139 89 120 13 16 144 150 50
OhlmannThomas/n200w140.003.txt | improved (choco)     |     764.00 |     763.00 |     105.56 | 69 61 152 142 122 77 112 26 178 136 119 173 111 56 46 60 157 4 23 30 159 62 172 52 42 123 99 156 139 194 22 195 53 32 199 134 71 83 13 121 94 185 5 151 96 126 84 11 58 176 118 132 128 27 170 41 3 80 155 33 8 168 54 70 51 40 138 66 75 120 133 143 116 92 89 97 14 180 16 20 187 188 166 91 165 179 198 24 64 86 19 38 93 65 158 88 146 162 140 144 106 45 18 131 21 9 63 104 174 100 147 148 137 102 160 76 67 153 186 12 107 7 85 82 149 125 98 39 189 161 127 164 181 196 1 28 183 81 141 110 25 37 175 167 50 36 108 74 105 34 154 169 49 72 114 57 31 48 29 177 59 191 109 79 130 197 113 17 190 145 2 87 6 95 103 182 73 184 129 150 68 192 101 15 117 55 124 163 171 10 78 43 47 135 193 90 115 35 44 200
OhlmannThomas/n200w120.001.txt | improved (choco)     |     801.00 |     800.00 |     357.28 | 173 23 134 127 49 15 116 184 135 84 74 129 197 96 37 1 106 109 60 24 34 25 20 114 138 76 59 136 183 130 107 143 112 50 55 46 53 97 104 89 193 56 73 41 18 43 8 9 172 51 105 113 95 128 2 86 186 156 171 58 64 27 108 61 29 87 22 99 119 52 182 117 158 36 166 196 123 67 47 11 63 6 78 148 159 147 81 31 126 30 168 195 38 75 177 118 174 122 102 199 33 66 111 190 32 179 139 16 68 188 90 180 77 48 10 167 13 194 100 72 181 93 110 94 69 7 132 146 71 157 140 83 3 121 79 162 176 82 80 137 150 142 120 101 88 103 152 65 17 153 54 161 26 12 19 198 151 164 125 45 115 192 178 187 169 21 175 57 91 165 70 4 42 131 163 14 154 39 85 145 40 149 144 35 44 62 170 141 92 98 189 185 191 124 133 160 155 28 5 200

## Instances found using our DD-LNS method

OhlmannThomas/n150w160.003.txt | improved (mddlns)    |     610.00 |     609.00 |       0.49 | 90 86 127 10 94 113 104 126 137 120 88 49 96 143 27 24 74 123 21 37 40 66 148 129 72 142 31 63 65 59 83 36 19 30 73 44 38 131 67 147 125 46 107 87 2 99 17 45 115 135 145 102 71 16 110 25 136 47 57 138 111 34 48 109 61 81 132 78 56 22 133 85 128 29 4 55 50 6 101 52 130 82 13 53 18 121 97 134 42 108 141 75 33 64 106 69 41 54 26 80 92 14 117 76 5 12 144 146 124 122 95 118 98 51 15 3 70 100 68 149 23 116 79 9 35 11 58 60 8 28 114 32 105 93 112 20 39 84 150 7 77 140 91 103 1 89 119 62 43 139
OhlmannThomas/n200w120.002.txt | improved (mddlns)    |     725.00 |     723.00 |       1.20 | 32 186 27 38 7 47 49 192 9 5 196 24 152 124 118 73 21 138 100 185 2 157 33 175 91 184 139 156 147 105 103 188 179 79 26 70 172 187 16 90 111 66 22 109 15 182 183 167 71 1 155 88 119 53 75 165 83 122 67 46 164 171 128 174 89 14 163 115 42 11 113 110 85 80 37 96 93 6 34 131 134 74 126 44 153 45 141 116 130 137 150 145 144 198 102 48 195 61 57 191 108 13 86 189 176 162 92 151 78 59 31 58 181 72 8 28 132 143 135 77 125 161 18 170 140 36 129 199 180 69 50 43 121 97 29 60 190 169 41 40 193 25 197 35 112 107 4 120 114 160 149 62 123 94 136 117 65 173 23 63 99 81 133 106 30 168 20 68 159 17 98 127 10 55 142 148 84 56 64 154 101 87 54 82 12 146 51 104 178 3 194 52 19 39 177 95 76 158 200 166
AFG/rbg132.tw                  | improved (mddlns)    |    8470.00 |    8468.00 |     580.23 | 2 1 4 3 7 5 12 6 13 9 8 11 10 17 15 14 16 19 18 21 20 22 24 23 28 25 29 27 26 30 33 34 32 31 39 38 36 41 35 37 43 42 45 44 40 46 47 51 50 48 49 52 54 53 61 57 56 55 62 60 58 59 65 63 64 75 66 74 72 70 71 68 69 67 78 73 79 77 81 83 76 80 85 82 84 92 88 86 87 93 91 89 90 94 95 96 98 97 102 99 104 101 100 103 106 105 109 107 108 112 110 113 111 118 115 116 114 121 124 117 120 123 122 119 129 127 125 130 128 126
AFG/rbg172a.tw                 | improved (mddlns)    |   10961.00 |   10957.00 |     560.28 | 1 2 6 3 4 5 8 9 7 10 12 11 14 13 15 19 17 18 16 21 22 20 23 24 25 27 26 29 28 34 39 31 36 30 37 32 33 35 44 41 49 42 38 40 45 43 51 50 48 46 47 52 55 54 53 57 56 60 59 63 65 58 66 62 61 64 67 70 71 69 68 72 74 75 76 73 79 80 78 77 81 83 82 86 84 85 87 90 91 88 92 95 94 89 93 97 96 101 100 98 99 107 110 103 102 104 106 105 111 109 108 112 114 113 116 115 120 118 119 117 121 125 124 126 123 122 129 128 131 127 134 132 133 130 135 142 143 140 151 136 138 141 139 137 145 144 149 146 147 148 152 153 150 161 156 155 154 163 157 160 158 159 168 162 166 165 164 167 170 169 171 172
AFG/rbg233.tw                  | improved (mddlns)    |   15031.00 |   15020.00 |     195.38 | 5 6 1 4 7 3 2 11 8 9 10 12 14 18 13 16 19 26 27 24 15 17 21 29 22 23 20 28 25 30 31 32 36 35 33 34 40 37 38 42 39 43 41 45 47 46 49 48 50 44 53 52 51 54 58 55 57 56 61 59 63 64 62 60 66 67 65 71 69 68 70 72 77 75 76 73 74 79 80 92 81 78 100 82 88 87 85 83 84 89 90 86 94 97 91 98 93 99 95 101 102 103 96 108 106 104 111 107 105 112 109 113 110 114 115 117 116 122 119 118 121 120 125 124 126 123 127 129 128 133 130 132 131 136 134 135 138 140 139 142 141 137 144 143 145 157 147 148 146 150 153 154 152 155 149 151 162 160 156 161 159 158 165 164 163 168 176 166 169 167 171 172 175 173 170 178 179 177 174 182 181 180 183 185 187 186 184 188 189 196 190 192 198 191 193 194 195 201 199 200 197 202 204 206 208 205 203 207 212 211 209 210 216 215 217 214 213 218 220 221 219 222 224 223 227 226 225 231 229 228 230
AFG/rbg201a.tw                 | improved (mddlns)    |   12967.00 |   12953.00 |       4.91 | 2 4 1 3 5 8 9 7 6 13 14 12 10 11 15 19 20 18 16 22 21 17 23 24 25 27 26 29 34 39 31 28 30 35 32 33 38 40 43 36 37 45 44 41 49 42 48 51 50 47 52 46 55 54 53 57 56 60 59 63 65 58 66 62 61 64 67 69 68 72 74 70 71 75 76 73 79 80 78 77 81 83 82 86 84 85 87 90 91 88 92 95 94 89 93 97 96 101 100 98 99 107 110 103 102 104 106 105 111 109 108 112 113 116 115 114 120 118 119 117 121 125 124 126 123 122 129 128 131 127 134 132 133 130 135 142 143 140 151 136 138 141 139 137 145 144 149 146 147 148 152 153 150 161 156 155 154 163 157 160 158 159 168 162 166 165 164 167 171 170 169 173 172 176 177 175 174 181 179 180 178 184 182 183 188 185 187 186 189 192 190 193 191 194 199 195 196 198 197 201 200
AFG/rbg193.tw                  | improved (mddlns)    |   12547.00 |   12544.00 |     141.41 | 7 2 1 3 4 5 8 6 9 10 12 14 13 11 17 15 16 19 18 20 22 21 23 29 24 26 25 28 27 31 30 35 32 33 34 36 40 45 38 39 37 41 43 42 44 48 47 46 49 52 50 51 61 54 53 59 57 55 62 60 56 58 65 66 64 68 67 63 70 72 69 78 75 71 81 80 73 74 76 77 82 79 83 84 85 86 87 89 90 93 88 91 92 94 97 95 96 98 99 101 105 100 103 106 104 108 111 102 113 114 116 109 110 107 115 112 117 118 119 120 123 124 122 121 127 125 129 126 130 128 132 134 133 136 135 137 131 140 139 138 141 145 142 144 143 148 146 149 147 153 151 150 154 152 157 158 156 155 160 161 159 164 162 165 163 166 170 167 179 168 169 175 174 172 171 173 181 184 176 178 177 187 180 186 182 185 183 188 189 190 191
AFG/rbg193.2.tw                | improved (mddlns)    |   12167.00 |   12166.00 |       5.54 | 7 2 1 4 5 6 9 3 12 8 11 14 13 10 20 17 16 15 19 18 25 24 27 23 22 21 31 33 34 36 26 45 40 29 28 41 30 35 32 37 42 43 39 38 44 49 60 56 48 47 53 46 62 52 50 51 61 54 58 64 59 57 55 66 70 68 67 72 65 73 63 81 74 69 78 75 76 77 71 80 82 79 83 84 85 86 90 87 89 92 94 88 91 98 95 96 93 104 97 106 105 99 101 110 107 116 109 100 103 112 108 111 102 113 120 122 117 118 119 114 125 115 128 123 124 130 132 121 127 141 129 126 136 135 137 131 140 139 134 133 144 138 143 145 142 146 153 151 150 156 152 157 158 149 147 159 148 160 154 155 161 163 173 164 162 166 169 165 181 179 168 170 167 171 180 186 177 172 182 174 187 176 175 188 189 184 178 190 191 183 185


## Problem identified

In the course of our experiments, we identified that the following solution which
is reportedly the best known solution for `Dumas/n150w40.001` is actually not
a feasible solution for the TSPTW.

Dumas/n150w40.001.txt          | Violation (35 unit between 115 -> 74) | 40 30 109 142 102 80 72 19 112 12 147 124 117 8 138 105 116 48 28 46 86 103 61 133 20 15 41 149 113 55 35 118 120 23 36 63 1 2 13 50 21 27 82 57 71 96 25 77 38 93 32 9 140 108 104 106 37 64 66 144 5 33 111 137 49 87 29 73 92 54 16 145 22 91 146 60 10 69 34 45 131 119 6 68 134 123 44 67 81 101 97 88 65 121 83 99 17 58 26 79 141 139 100 136 39 24 130 47 84 56 115 74 62 14 31 85 148 42 52 43 76 95 127 110 114 132 90 125 7 128 70 135 18 59 143 126 98 51 78 75 129 11 94 89 3 4 122 107 150 53 
